100
0 526 516
1 518 522
2 530 517
3 511 528
4 518 530
5 529 528
6 516 529
7 516 524
8 527 518
9 517 519
10 528 523
11 518 518
12 512 518
13 524 514
14 514 517
15 515 527
16 522 518
17 516 517
18 521 523
19 515 515
20 515 523
21 527 530
22 527 523
23 528 513
24 511 519
25 517 527
26 520 513
27 522 530
28 519 528
29 516 514
30 523 515
31 520 513
32 517 511
33 518 512
34 529 512
35 529 517
36 530 526
37 523 530
38 528 522
39 523 512
40 515 523
41 516 526
42 511 522
43 513 530
44 516 512
45 515 526
46 524 514
47 528 517
48 529 529
49 525 522
50 20 9
51 20 19
52 20 18
53 10 12
54 18 7
55 16 11
56 16 11
57 15 12
58 10 1
59 11 18
60 2 8
61 15 2
62 12 9
63 6 9
64 18 5
65 12 13
66 5 12
67 18 7
68 4 7
69 18 15
70 19 11
71 9 12
72 3 17
73 12 7
74 18 8
75 6 10
76 14 9
77 15 9
78 3 17
79 16 18
80 17 14
81 4 5
82 12 19
83 7 10
84 8 2
85 14 8
86 13 11
87 20 9
88 18 5
89 12 14
90 3 18
91 8 14
92 17 20
93 7 8
94 5 6
95 6 11
96 18 6
97 9 8
98 9 3
99 15 3
1000
