100
0 2172 2166
1 2176 2166
2 2179 2177
3 2171 2164
4 2172 2179
5 2162 2161
6 2175 2172
7 2172 2165
8 2167 2161
9 2173 2167
10 2163 2173
11 2161 2179
12 2180 2176
13 2164 2180
14 2177 2173
15 2168 2170
16 2174 2167
17 1086 1097
18 1091 1088
19 1100 1090
20 1089 1098
21 1098 1083
22 1084 1086
23 1093 1087
24 1091 1100
25 1096 1086
26 1083 1088
27 1094 1089
28 1091 1088
29 1091 1086
30 1085 1096
31 1097 1085
32 1086 1081
33 1096 1092
34 560 542
35 546 543
36 554 547
37 542 546
38 556 550
39 554 552
40 553 545
41 551 543
42 559 554
43 552 559
44 552 555
45 551 551
46 544 556
47 547 541
48 547 555
49 545 551
50 548 551
51 272 287
52 272 289
53 286 279
54 271 289
55 276 283
56 280 282
57 273 271
58 290 285
59 281 282
60 282 287
61 282 278
62 274 286
63 281 289
64 281 275
65 286 271
66 272 289
67 283 275
68 16 7
69 3 11
70 18 4
71 10 13
72 4 2
73 20 1
74 16 5
75 2 8
76 4 14
77 1 16
78 9 1
79 18 3
80 8 14
81 6 20
82 2 19
83 20 18
84 12 15
85 2 14
86 18 11
87 11 11
88 6 18
89 20 19
90 17 17
91 5 14
92 16 13
93 19 20
94 11 15
95 1 11
96 7 16
97 16 16
98 5 3
99 11 17
4321
