200
0 1610 1594
1 1601 1603
2 1595 1599
3 1608 1593
4 1599 1600
5 1614 1615
6 1586 1609
7 1600 1603
8 1606 1591
9 1601 1613
10 1615 1588
11 1598 1588
12 1613 1604
13 1601 1593
14 1586 1603
15 1592 1605
16 1608 1588
17 1604 1613
18 1603 1597
19 1608 1591
20 1594 1591
21 1599 1593
22 1587 1611
23 1595 1603
24 1606 1605
25 1605 1606
26 1604 1611
27 1611 1589
28 1594 1611
29 1601 1601
30 1602 1586
31 1613 1589
32 1598 1605
33 1588 1587
34 1602 1606
35 1590 1598
36 1610 1586
37 1612 1612
38 819 796
39 821 809
40 807 812
41 794 821
42 821 812
43 800 812
44 811 805
45 801 809
46 814 818
47 807 808
48 800 795
49 796 820
50 819 795
51 803 802
52 796 817
53 805 819
54 820 801
55 818 814
56 809 816
57 796 811
58 797 802
59 818 822
60 821 816
61 807 793
62 807 815
63 794 803
64 801 811
65 809 793
66 801 809
67 821 814
68 802 820
69 809 816
70 798 793
71 819 805
72 816 797
73 814 821
74 822 794
75 810 798
76 409 423
77 401 413
78 403 403
79 416 425
80 397 425
81 425 422
82 411 397
83 410 416
84 421 413
85 425 417
86 419 405
87 423 419
88 405 416
89 401 421
90 410 407
91 398 414
92 416 411
93 422 425
94 397 411
95 420 416
96 398 409
97 414 426
98 421 402
99 400 403
100 411 410
101 413 412
102 400 403
103 420 426
104 409 401
105 398 402
106 418 420
107 424 420
108 413 405
109 403 400
110 426 399
111 403 405
112 403 414
113 411 417
114 203 201
115 218 204
116 215 227
117 222 227
118 209 216
119 221 217
120 210 220
121 216 226
122 216 220
123 214 206
124 227 199
125 209 210
126 204 214
127 228 215
128 207 210
129 204 227
130 228 217
131 218 214
132 206 210
133 208 226
134 205 215
135 223 219
136 225 213
137 211 211
138 205 212
139 219 225
140 227 216
141 214 214
142 203 223
143 199 207
144 219 204
145 215 228
146 210 228
147 220 213
148 228 214
149 225 217
150 217 208
151 199 210
152 100 104
153 129 123
154 121 101
155 117 127
156 121 129
157 112 125
158 100 113
159 102 129
160 120 113
161 112 102
162 110 112
163 106 102
164 110 120
165 112 127
166 119 106
167 113 122
168 111 123
169 127 111
170 116 120
171 124 123
172 117 106
173 121 112
174 129 101
175 106 106
176 109 100
177 106 104
178 119 100
179 123 124
180 113 122
181 127 115
182 117 100
183 124 108
184 123 106
185 129 128
186 120 100
187 110 120
188 107 113
189 121 110
190 17 14
191 18 9
192 4 8
193 20 4
194 23 28
195 2 5
196 19 27
197 2 10
198 18 3
199 28 22
3171
