1000
0 6000000082 6000000083
1 6000000097 6000000060
2 6000000042 6000000071
3 6000000065 6000000011
4 6000000060 6000000082
5 6000000042 6000000012
6 6000000095 6000000074
7 6000000033 6000000069
8 6000000070 6000000060
9 6000000092 6000000011
10 6000000014 6000000049
11 6000000079 6000000072
12 6000000035 6000000098
13 6000000095 6000000035
14 6000000003 6000000008
15 6000000034 6000000041
16 6000000094 6000000075
17 6000000003 6000000051
18 6000000098 6000000001
19 6000000053 6000000057
20 6000000024 6000000100
21 6000000052 6000000010
22 6000000080 6000000019
23 6000000005 6000000090
24 6000000028 6000000042
25 6000000013 6000000021
26 6000000080 6000000063
27 6000000032 6000000068
28 6000000018 6000000097
29 6000000023 6000000036
30 6000000051 6000000047
31 6000000075 6000000100
32 6000000001 6000000060
33 6000000082 6000000062
34 6000000082 6000000033
35 6000000050 6000000003
36 6000000029 6000000022
37 6000000001 6000000015
38 6000000012 6000000030
39 6000000054 6000000012
40 6000000047 6000000019
41 6000000083 6000000056
42 6000000049 6000000091
43 6000000017 6000000036
44 6000000092 6000000100
45 6000000086 6000000040
46 6000000055 6000000071
47 6000000013 6000000056
48 6000000007 6000000035
49 6000000072 6000000019
50 6000000071 6000000063
51 6000000031 6000000050
52 6000000019 6000000097
53 6000000060 6000000001
54 6000000087 6000000049
55 6000000090 6000000049
56 6000000046 6000000089
57 6000000064 6000000048
58 6000000052 6000000089
59 6000000046 6000000013
60 6000000046 6000000085
61 6000000076 6000000063
62 6000000075 6000000077
63 6000000043 6000000061
64 6000000061 6000000097
65 6000000015 6000000022
66 6000000048 6000000008
67 6000000082 6000000053
68 6000000094 6000000098
69 6000000010 6000000035
70 6000000082 6000000006
71 6000000018 6000000055
72 6000000046 6000000066
73 6000000040 6000000043
74 6000000061 6000000067
75 6000000063 6000000005
76 6000000056 6000000087
77 6000000073 6000000076
78 6000000031 6000000029
79 6000000033 6000000059
80 6000000030 6000000044
81 6000000078 6000000050
82 6000000014 6000000083
83 6000000055 6000000015
84 6000000021 6000000023
85 6000000100 6000000020
86 6000000047 6000000039
87 6000000078 6000000023
88 6000000010 6000000040
89 6000000053 6000000002
90 6000000061 6000000057
91 6000000017 6000000014
92 6000000056 6000000068
93 6000000088 6000000012
94 6000000015 6000000080
95 6000000005 6000000052
96 6000000068 6000000047
97 6000000010 6000000007
98 6000000091 6000000076
99 6000000076 6000000047
100 6000000074 6000000041
101 6000000024 6000000061
102 6000000081 6000000062
103 6000000029 6000000048
104 6000000053 6000000064
105 6000000087 6000000026
106 6000000088 6000000052
107 6000000041 6000000098
108 6000000037 6000000018
109 6000000041 6000000023
110 6000000037 6000000001
111 6000000036 6000000070
112 3500000033 3500000057
113 3500000001 3500000067
114 3500000094 3500000043
115 3500000093 3500000096
116 3500000009 3500000027
117 3500000003 3500000009
118 3500000082 3500000053
119 3500000094 3500000011
120 3500000083 3500000008
121 3500000053 3500000043
122 3500000075 3500000063
123 3500000031 3500000047
124 3500000091 3500000060
125 3500000075 3500000026
126 3500000082 3500000028
127 3500000037 3500000099
128 3500000043 3500000068
129 3500000078 3500000057
130 3500000050 3500000053
131 3500000097 3500000067
132 3500000088 3500000030
133 3500000001 3500000024
134 3500000079 3500000045
135 3500000008 3500000011
136 3500000062 3500000070
137 3500000030 3500000009
138 3500000014 3500000026
139 3500000063 3500000068
140 3500000012 3500000028
141 3500000065 3500000013
142 3500000012 3500000019
143 3500000032 3500000051
144 3500000060 3500000009
145 3500000057 3500000031
146 3500000017 3500000063
147 3500000045 3500000066
148 3500000076 3500000036
149 3500000057 3500000014
150 3500000044 3500000027
151 3500000045 3500000048
152 3500000088 3500000070
153 3500000087 3500000096
154 3500000095 3500000050
155 3500000016 3500000031
156 3500000008 3500000034
157 3500000088 3500000002
158 3500000092 3500000005
159 3500000044 3500000009
160 3500000091 3500000060
161 3500000069 3500000036
162 3500000009 3500000051
163 3500000096 3500000048
164 3500000020 3500000016
165 3500000076 3500000025
166 3500000022 3500000098
167 3500000068 3500000003
168 3500000003 3500000043
169 3500000054 3500000031
170 3500000098 3500000004
171 3500000060 3500000027
172 3500000056 3500000084
173 3500000069 3500000075
174 3500000022 3500000016
175 3500000033 3500000008
176 3500000037 3500000007
177 3500000009 3500000068
178 3500000012 3500000056
179 3500000069 3500000028
180 3500000071 3500000069
181 3500000031 3500000070
182 3500000029 3500000078
183 3500000028 3500000022
184 3500000087 3500000064
185 3500000008 3500000037
186 3500000052 3500000005
187 3500000071 3500000076
188 3500000031 3500000038
189 3500000021 3500000094
190 3500000024 3500000039
191 3500000099 3500000094
192 3500000098 3500000034
193 3500000004 3500000095
194 3500000073 3500000067
195 3500000085 3500000046
196 3500000053 3500000045
197 3500000013 3500000084
198 3500000083 3500000058
199 3500000027 3500000050
200 3500000062 3500000047
201 3500000061 3500000061
202 3500000016 3500000095
203 3500000025 3500000036
204 3500000022 3500000020
205 3500000035 3500000056
206 3500000024 3500000015
207 3500000024 3500000010
208 3500000004 3500000092
209 3500000062 3500000084
210 3500000079 3500000099
211 3500000003 3500000061
212 3500000067 3500000033
213 3500000074 3500000027
214 3500000040 3500000082
215 3500000009 3500000058
216 3500000007 3500000081
217 3500000041 3500000065
218 3500000047 3500000089
219 3500000085 3500000043
220 3500000030 3500000075
221 3500000050 3500000019
222 3500000048 3500000087
223 3500000053 3500000057
224 2250000042 2250000088
225 2250000046 2250000044
226 2250000010 2250000007
227 2250000099 2250000042
228 2250000010 2250000077
229 2250000098 2250000046
230 2250000096 2250000002
231 2250000069 2250000004
232 2250000083 2250000017
233 2250000043 2250000091
234 2250000025 2250000059
235 2250000030 2250000095
236 2250000099 2250000070
237 2250000051 2250000036
238 2250000066 2250000044
239 2250000058 2250000043
240 2250000088 2250000057
241 2250000065 2250000026
242 2250000082 2250000057
243 2250000063 2250000058
244 2250000088 2250000030
245 2250000067 2250000048
246 2250000039 2250000018
247 2250000031 2250000017
248 2250000062 2250000052
249 2250000090 2250000019
250 2250000063 2250000058
251 2250000035 2250000021
252 2250000081 2250000039
253 2250000087 2250000100
254 2250000032 2250000060
255 2250000063 2250000065
256 2250000002 2250000049
257 2250000092 2250000023
258 2250000062 2250000091
259 2250000054 2250000090
260 2250000082 2250000044
261 2250000098 2250000016
262 2250000024 2250000015
263 2250000077 2250000085
264 2250000032 2250000081
265 2250000002 2250000091
266 2250000044 2250000001
267 2250000043 2250000067
268 2250000010 2250000074
269 2250000026 2250000018
270 2250000041 2250000077
271 2250000018 2250000004
272 2250000011 2250000013
273 2250000015 2250000006
274 2250000026 2250000064
275 2250000081 2250000045
276 2250000051 2250000035
277 2250000074 2250000059
278 2250000047 2250000088
279 2250000056 2250000016
280 2250000027 2250000096
281 2250000040 2250000036
282 2250000064 2250000001
283 2250000062 2250000013
284 2250000081 2250000045
285 2250000021 2250000074
286 2250000078 2250000027
287 2250000046 2250000081
288 2250000068 2250000040
289 2250000090 2250000008
290 2250000087 2250000043
291 2250000095 2250000008
292 2250000008 2250000054
293 2250000023 2250000078
294 2250000006 2250000040
295 2250000003 2250000078
296 2250000011 2250000096
297 2250000037 2250000071
298 2250000046 2250000037
299 2250000099 2250000047
300 2250000089 2250000056
301 2250000088 2250000093
302 2250000053 2250000009
303 2250000085 2250000020
304 2250000094 2250000031
305 2250000087 2250000081
306 2250000069 2250000025
307 2250000045 2250000033
308 2250000039 2250000089
309 2250000088 2250000021
310 2250000025 2250000060
311 2250000070 2250000027
312 2250000089 2250000008
313 2250000085 2250000091
314 2250000016 2250000009
315 2250000072 2250000030
316 2250000013 2250000058
317 2250000094 2250000056
318 2250000005 2250000038
319 2250000055 2250000032
320 2250000072 2250000023
321 2250000051 2250000096
322 2250000020 2250000049
323 2250000086 2250000097
324 2250000040 2250000049
325 2250000001 2250000073
326 2250000097 2250000099
327 2250000078 2250000086
328 2250000086 2250000090
329 2250000066 2250000068
330 2250000032 2250000095
331 2250000099 2250000069
332 2250000033 2250000065
333 2250000025 2250000080
334 2250000092 2250000052
335 2250000007 2250000026
336 1625000077 1625000096
337 1625000079 1625000099
338 1625000033 1625000079
339 1625000004 1625000095
340 1625000038 1625000052
341 1625000072 1625000087
342 1625000074 1625000072
343 1625000098 1625000060
344 1625000023 1625000087
345 1625000019 1625000096
346 1625000019 1625000016
347 1625000060 1625000086
348 1625000033 1625000021
349 1625000056 1625000080
350 1625000049 1625000003
351 1625000089 1625000008
352 1625000056 1625000091
353 1625000022 1625000046
354 1625000080 1625000079
355 1625000010 1625000012
356 1625000083 1625000023
357 1625000080 1625000029
358 1625000086 1625000052
359 1625000014 1625000014
360 1625000093 1625000043
361 1625000059 1625000029
362 1625000045 1625000091
363 1625000093 1625000071
364 1625000039 1625000065
365 1625000065 1625000041
366 1625000002 1625000009
367 1625000052 1625000048
368 1625000084 1625000074
369 1625000001 1625000058
370 1625000038 1625000016
371 1625000042 1625000078
372 1625000090 1625000037
373 1625000049 1625000054
374 1625000087 1625000085
375 1625000017 1625000046
376 1625000041 1625000095
377 1625000011 1625000047
378 1625000077 1625000028
379 1625000053 1625000087
380 1625000049 1625000002
381 1625000075 1625000039
382 1625000064 1625000072
383 1625000020 1625000024
384 1625000067 1625000080
385 1625000082 1625000065
386 1625000002 1625000058
387 1625000058 1625000055
388 1625000069 1625000007
389 1625000008 1625000017
390 1625000089 1625000056
391 1625000052 1625000065
392 1625000038 1625000049
393 1625000037 1625000008
394 1625000092 1625000047
395 1625000009 1625000097
396 1625000013 1625000083
397 1625000083 1625000040
398 1625000025 1625000076
399 1625000003 1625000075
400 1625000043 1625000071
401 1625000079 1625000044
402 1625000036 1625000077
403 1625000075 1625000084
404 1625000016 1625000060
405 1625000064 1625000059
406 1625000044 1625000075
407 1625000019 1625000006
408 1625000065 1625000017
409 1625000020 1625000062
410 1625000029 1625000088
411 1625000097 1625000053
412 1625000022 1625000017
413 1625000049 1625000061
414 1625000030 1625000081
415 1625000038 1625000052
416 1625000025 1625000067
417 1625000056 1625000018
418 1625000030 1625000028
419 1625000045 1625000028
420 1625000057 1625000034
421 1625000009 1625000060
422 1625000053 1625000004
423 1625000001 1625000028
424 1625000087 1625000042
425 1625000044 1625000055
426 1625000015 1625000031
427 1625000065 1625000021
428 1625000041 1625000032
429 1625000067 1625000020
430 1625000072 1625000005
431 1625000006 1625000001
432 1625000056 1625000084
433 1625000005 1625000093
434 1625000066 1625000080
435 1625000082 1625000094
436 1625000085 1625000043
437 1625000087 1625000096
438 1625000074 1625000014
439 1625000009 1625000011
440 1625000093 1625000098
441 1625000056 1625000093
442 1625000071 1625000091
443 1625000086 1625000041
444 1625000078 1625000026
445 1625000065 1625000010
446 1625000076 1625000029
447 1625000071 1625000098
448 1312500078 1312500075
449 1312500083 1312500089
450 1312500030 1312500075
451 1312500093 1312500005
452 1312500011 1312500037
453 1312500095 1312500004
454 1312500072 1312500032
455 1312500082 1312500046
456 1312500069 1312500069
457 1312500045 1312500069
458 1312500012 1312500049
459 1312500036 1312500009
460 1312500037 1312500029
461 1312500025 1312500055
462 1312500001 1312500010
463 1312500051 1312500024
464 1312500013 1312500028
465 1312500003 1312500048
466 1312500013 1312500056
467 1312500099 1312500088
468 1312500088 1312500023
469 1312500093 1312500078
470 1312500006 1312500014
471 1312500081 1312500084
472 1312500073 1312500067
473 1312500045 1312500078
474 1312500093 1312500036
475 1312500038 1312500014
476 1312500039 1312500045
477 1312500099 1312500081
478 1312500026 1312500035
479 1312500019 1312500068
480 1312500048 1312500076
481 1312500069 1312500022
482 1312500067 1312500099
483 1312500014 1312500002
484 1312500076 1312500059
485 1312500070 1312500069
486 1312500052 1312500086
487 1312500022 1312500067
488 1312500071 1312500050
489 1312500055 1312500070
490 1312500050 1312500002
491 1312500063 1312500018
492 1312500055 1312500076
493 1312500044 1312500052
494 1312500063 1312500064
495 1312500013 1312500069
496 1312500061 1312500016
497 1312500085 1312500090
498 1312500027 1312500067
499 1312500045 1312500064
500 1312500019 1312500069
501 1312500017 1312500017
502 1312500031 1312500098
503 1312500028 1312500100
504 1312500053 1312500027
505 1312500058 1312500037
506 1312500089 1312500014
507 1312500075 1312500083
508 1312500059 1312500065
509 1312500079 1312500013
510 1312500045 1312500030
511 1312500046 1312500018
512 1312500076 1312500041
513 1312500002 1312500029
514 1312500057 1312500100
515 1312500042 1312500018
516 1312500075 1312500088
517 1312500099 1312500048
518 1312500030 1312500068
519 1312500046 1312500006
520 1312500065 1312500058
521 1312500022 1312500014
522 1312500081 1312500006
523 1312500049 1312500058
524 1312500095 1312500086
525 1312500092 1312500093
526 1312500019 1312500061
527 1312500050 1312500066
528 1312500045 1312500067
529 1312500035 1312500091
530 1312500083 1312500024
531 1312500089 1312500062
532 1312500080 1312500035
533 1312500002 1312500082
534 1312500035 1312500078
535 1312500015 1312500092
536 1312500091 1312500055
537 1312500019 1312500092
538 1312500066 1312500094
539 1312500094 1312500036
540 1312500098 1312500007
541 1312500083 1312500058
542 1312500075 1312500041
543 1312500049 1312500028
544 1312500002 1312500012
545 1312500029 1312500076
546 1312500047 1312500040
547 1312500049 1312500019
548 1312500030 1312500005
549 1312500046 1312500067
550 1312500027 1312500098
551 1312500025 1312500099
552 1312500088 1312500015
553 1312500063 1312500076
554 1312500006 1312500051
555 1312500025 1312500021
556 1312500099 1312500056
557 1312500056 1312500004
558 1312500045 1312500039
559 1312500090 1312500023
560 1156250059 1156250008
561 1156250010 1156250085
562 1156250017 1156250036
563 1156250094 1156250040
564 1156250001 1156250021
565 1156250098 1156250088
566 1156250006 1156250058
567 1156250034 1156250095
568 1156250046 1156250044
569 1156250027 1156250090
570 1156250030 1156250004
571 1156250090 1156250089
572 1156250100 1156250058
573 1156250091 1156250084
574 1156250066 1156250077
575 1156250007 1156250031
576 1156250099 1156250027
577 1156250011 1156250064
578 1156250037 1156250034
579 1156250011 1156250049
580 1156250035 1156250006
581 1156250043 1156250057
582 1156250041 1156250001
583 1156250097 1156250042
584 1156250040 1156250006
585 1156250049 1156250057
586 1156250073 1156250095
587 1156250015 1156250061
588 1156250097 1156250068
589 1156250096 1156250006
590 1156250068 1156250006
591 1156250045 1156250011
592 1156250005 1156250077
593 1156250025 1156250060
594 1156250059 1156250089
595 1156250074 1156250088
596 1156250057 1156250063
597 1156250023 1156250025
598 1156250061 1156250027
599 1156250085 1156250033
600 1156250073 1156250039
601 1156250080 1156250086
602 1156250091 1156250086
603 1156250095 1156250009
604 1156250030 1156250021
605 1156250065 1156250022
606 1156250048 1156250097
607 1156250056 1156250004
608 1156250044 1156250078
609 1156250066 1156250062
610 1156250021 1156250012
611 1156250065 1156250064
612 1156250049 1156250043
613 1156250038 1156250067
614 1156250079 1156250085
615 1156250046 1156250052
616 1156250074 1156250078
617 1156250004 1156250071
618 1156250099 1156250041
619 1156250065 1156250086
620 1156250083 1156250016
621 1156250050 1156250012
622 1156250058 1156250052
623 1156250089 1156250064
624 1156250047 1156250064
625 1156250088 1156250008
626 1156250005 1156250037
627 1156250006 1156250040
628 1156250070 1156250048
629 1156250098 1156250045
630 1156250003 1156250002
631 1156250065 1156250001
632 1156250016 1156250011
633 1156250045 1156250079
634 1156250063 1156250011
635 1156250076 1156250043
636 1156250004 1156250008
637 1156250038 1156250046
638 1156250046 1156250052
639 1156250073 1156250046
640 1156250043 1156250047
641 1156250042 1156250036
642 1156250044 1156250033
643 1156250060 1156250066
644 1156250008 1156250021
645 1156250077 1156250089
646 1156250008 1156250063
647 1156250044 1156250092
648 1156250039 1156250057
649 1156250088 1156250007
650 1156250052 1156250070
651 1156250057 1156250014
652 1156250074 1156250040
653 1156250075 1156250093
654 1156250043 1156250088
655 1156250075 1156250061
656 1156250059 1156250020
657 1156250072 1156250094
658 1156250005 1156250042
659 1156250031 1156250028
660 1156250042 1156250063
661 1156250073 1156250030
662 1156250024 1156250061
663 1156250078 1156250048
664 1156250042 1156250027
665 1156250038 1156250084
666 1156250085 1156250037
667 1156250087 1156250078
668 1156250002 1156250006
669 1156250078 1156250078
670 1156250032 1156250040
671 1156250095 1156250099
672 1078125001 1078125061
673 1078125096 1078125045
674 1078125076 1078125052
675 1078125045 1078125002
676 1078125048 1078125072
677 1078125057 1078125068
678 1078125008 1078125028
679 1078125023 1078125081
680 1078125005 1078125089
681 1078125024 1078125084
682 1078125032 1078125032
683 1078125055 1078125084
684 1078125089 1078125030
685 1078125091 1078125030
686 1078125086 1078125008
687 1078125058 1078125055
688 1078125076 1078125053
689 1078125067 1078125001
690 1078125068 1078125035
691 1078125100 1078125036
692 1078125023 1078125037
693 1078125011 1078125005
694 1078125027 1078125010
695 1078125054 1078125084
696 1078125010 1078125045
697 1078125091 1078125074
698 1078125071 1078125008
699 1078125057 1078125018
700 1078125016 1078125050
701 1078125001 1078125039
702 1078125098 1078125072
703 1078125037 1078125043
704 1078125043 1078125006
705 1078125031 1078125035
706 1078125011 1078125029
707 1078125071 1078125087
708 1078125078 1078125028
709 1078125080 1078125047
710 1078125001 1078125030
711 1078125049 1078125064
712 1078125007 1078125052
713 1078125072 1078125072
714 1078125035 1078125088
715 1078125064 1078125034
716 1078125093 1078125054
717 1078125003 1078125090
718 1078125075 1078125075
719 1078125089 1078125077
720 1078125046 1078125018
721 1078125030 1078125065
722 1078125021 1078125043
723 1078125042 1078125048
724 1078125036 1078125011
725 1078125092 1078125067
726 1078125006 1078125029
727 1078125029 1078125036
728 1078125096 1078125011
729 1078125099 1078125023
730 1078125033 1078125034
731 1078125063 1078125009
732 1078125069 1078125017
733 1078125023 1078125005
734 1078125019 1078125033
735 1078125100 1078125004
736 1078125047 1078125081
737 1078125076 1078125057
738 1078125063 1078125055
739 1078125085 1078125078
740 1078125048 1078125022
741 1078125083 1078125015
742 1078125098 1078125091
743 1078125039 1078125093
744 1078125084 1078125095
745 1078125051 1078125100
746 1078125075 1078125091
747 1078125037 1078125067
748 1078125015 1078125008
749 1078125030 1078125060
750 1078125011 1078125060
751 1078125071 1078125089
752 1078125002 1078125096
753 1078125098 1078125014
754 1078125012 1078125020
755 1078125087 1078125037
756 1078125070 1078125050
757 1078125022 1078125021
758 1078125062 1078125074
759 1078125094 1078125098
760 1078125097 1078125029
761 1078125056 1078125008
762 1078125024 1078125098
763 1078125071 1078125098
764 1078125058 1078125066
765 1078125032 1078125084
766 1078125023 1078125007
767 1078125006 1078125052
768 1078125059 1078125045
769 1078125056 1078125029
770 1078125022 1078125027
771 1078125015 1078125005
772 1078125097 1078125041
773 1078125028 1078125093
774 1078125100 1078125063
775 1078125081 1078125076
776 1078125039 1078125021
777 1078125044 1078125017
778 1078125064 1078125084
779 1078125034 1078125028
780 1078125076 1078125010
781 1078125003 1078125059
782 1078125034 1078125060
783 1078125051 1078125073
784 1039062560 1039062578
785 1039062555 1039062527
786 1039062566 1039062578
787 1039062575 1039062596
788 1039062563 1039062559
789 1039062554 1039062592
790 1039062563 1039062552
791 1039062590 1039062538
792 1039062572 1039062504
793 1039062519 1039062597
794 1039062515 1039062549
795 1039062528 1039062543
796 1039062565 1039062554
797 1039062574 1039062548
798 1039062521 1039062600
799 1039062584 1039062600
800 1039062548 1039062597
801 1039062528 1039062594
802 1039062527 1039062520
803 1039062588 1039062560
804 1039062563 1039062600
805 1039062548 1039062596
806 1039062593 1039062525
807 1039062563 1039062568
808 1039062597 1039062523
809 1039062531 1039062519
810 1039062557 1039062511
811 1039062576 1039062584
812 1039062577 1039062566
813 1039062575 1039062516
814 1039062537 1039062530
815 1039062511 1039062547
816 1039062563 1039062531
817 1039062508 1039062550
818 1039062559 1039062511
819 1039062552 1039062599
820 1039062571 1039062597
821 1039062589 1039062572
822 1039062572 1039062511
823 1039062563 1039062563
824 1039062570 1039062589
825 1039062583 1039062522
826 1039062510 1039062547
827 1039062517 1039062518
828 1039062513 1039062505
829 1039062593 1039062501
830 1039062566 1039062564
831 1039062509 1039062559
832 1039062569 1039062546
833 1039062531 1039062535
834 1039062580 1039062596
835 1039062559 1039062561
836 1039062535 1039062571
837 1039062551 1039062560
838 1039062562 1039062563
839 1039062508 1039062561
840 1039062564 1039062570
841 1039062551 1039062513
842 1039062546 1039062529
843 1039062553 1039062517
844 1039062591 1039062513
845 1039062545 1039062539
846 1039062527 1039062554
847 1039062540 1039062558
848 1039062541 1039062504
849 1039062585 1039062542
850 1039062592 1039062565
851 1039062515 1039062589
852 1039062588 1039062532
853 1039062548 1039062543
854 1039062546 1039062556
855 1039062535 1039062506
856 1039062573 1039062594
857 1039062595 1039062548
858 1039062591 1039062558
859 1039062576 1039062587
860 1039062557 1039062538
861 1039062562 1039062525
862 1039062512 1039062569
863 1039062548 1039062585
864 1039062552 1039062561
865 1039062554 1039062570
866 1039062557 1039062538
867 1039062543 1039062509
868 1039062522 1039062575
869 1039062533 1039062535
870 1039062541 1039062564
871 1039062529 1039062509
872 1039062584 1039062555
873 1039062576 1039062536
874 1039062534 1039062501
875 1039062537 1039062556
876 1039062562 1039062589
877 1039062586 1039062572
878 1039062561 1039062574
879 1039062596 1039062528
880 1039062503 1039062583
881 1039062535 1039062522
882 1039062523 1039062544
883 1039062544 1039062529
884 1039062528 1039062582
885 1039062570 1039062553
886 1039062515 1039062525
887 1039062540 1039062523
888 1039062582 1039062527
889 1039062556 1039062559
890 1039062581 1039062567
891 1039062516 1039062513
892 1039062502 1039062530
893 1039062585 1039062562
894 1039062537 1039062563
895 1039062552 1039062568
896 18 13
897 51 91
898 20 65
899 28 96
900 11 37
901 81 8
902 99 95
903 8 10
904 82 89
905 79 86
906 83 51
907 69 70
908 27 34
909 30 98
910 71 23
911 43 41
912 72 6
913 39 9
914 74 83
915 32 95
916 73 23
917 98 50
918 72 97
919 57 72
920 37 77
921 23 33
922 54 23
923 44 5
924 17 96
925 20 2
926 30 87
927 5 28
928 42 47
929 41 16
930 11 84
931 52 56
932 59 72
933 6 46
934 39 67
935 90 70
936 8 42
937 46 36
938 99 33
939 61 6
940 12 64
941 57 8
942 55 74
943 96 44
944 46 78
945 62 51
946 2 78
947 39 2
948 78 60
949 18 80
950 1 9
951 56 49
952 53 91
953 91 99
954 82 76
955 62 62
956 90 46
957 98 40
958 97 45
959 15 94
960 100 86
961 28 53
962 69 26
963 21 49
964 35 85
965 8 93
966 27 85
967 84 91
968 41 78
969 55 27
970 90 55
971 37 93
972 75 21
973 7 49
974 37 92
975 93 55
976 64 58
977 39 40
978 21 28
979 19 53
980 54 70
981 85 29
982 4 34
983 26 18
984 69 48
985 71 18
986 4 72
987 97 64
988 97 69
989 13 8
990 97 82
991 52 62
992 80 32
993 55 35
994 56 11
995 56 7
996 25 14
997 9 14
998 30 76
999 50 47
10000000000
