500
0 5000221 5000122
1 5000329 5000304
2 5000292 5000218
3 5000380 5000391
4 5000252 5000369
5 5000260 5000159
6 5000131 5000143
7 5000311 5000152
8 5000220 5000327
9 5000310 5000262
10 5000195 5000268
11 5000360 5000284
12 5000374 5000352
13 5000163 5000151
14 5000304 5000245
15 5000271 5000263
16 5000217 5000384
17 5000281 5000115
18 5000157 5000395
19 5000168 5000146
20 5000316 5000170
21 5000250 5000280
22 5000198 5000155
23 5000149 5000364
24 5000227 5000236
25 5000199 5000379
26 5000397 5000160
27 5000363 5000240
28 5000119 5000249
29 2500161 2500115
30 2500337 2500349
31 2500316 2500359
32 2500296 2500105
33 2500171 2500269
34 2500133 2500164
35 2500134 2500381
36 2500184 2500306
37 2500323 2500332
38 2500240 2500151
39 2500280 2500237
40 2500154 2500317
41 2500169 2500124
42 2500152 2500283
43 2500147 2500337
44 2500132 2500320
45 2500171 2500278
46 2500235 2500182
47 2500160 2500310
48 2500261 2500396
49 2500314 2500385
50 2500214 2500385
51 2500271 2500165
52 2500198 2500272
53 2500134 2500321
54 2500368 2500213
55 2500337 2500225
56 2500170 2500311
57 2500219 2500163
58 1250240 1250117
59 1250393 1250264
60 1250147 1250148
61 1250137 1250159
62 1250211 1250187
63 1250156 1250128
64 1250229 1250107
65 1250290 1250143
66 1250288 1250174
67 1250129 1250174
68 1250327 1250342
69 1250338 1250327
70 1250223 1250227
71 1250352 1250296
72 1250119 1250272
73 1250286 1250295
74 1250185 1250164
75 1250265 1250176
76 1250334 1250201
77 1250261 1250126
78 1250305 1250146
79 1250300 1250205
80 1250217 1250318
81 1250310 1250219
82 1250194 1250284
83 1250350 1250333
84 1250380 1250203
85 1250113 1250297
86 1250293 1250379
87 625330 625380
88 625115 625330
89 625165 625292
90 625399 625228
91 625171 625306
92 625109 625222
93 625185 625253
94 625388 625173
95 625257 625326
96 625225 625391
97 625107 625130
98 625123 625167
99 625116 625328
100 625163 625396
101 625356 625178
102 625126 625188
103 625300 625296
104 625363 625283
105 625200 625272
106 625229 625280
107 625152 625310
108 625142 625224
109 625133 625239
110 625336 625173
111 625162 625389
112 625175 625228
113 625278 625154
114 625380 625390
115 625190 625152
116 312722 312610
117 312883 312900
118 312643 312854
119 312833 312669
120 312733 312694
121 312866 312897
122 312670 312860
123 312856 312889
124 312729 312602
125 312866 312676
126 312826 312679
127 312747 312716
128 312820 312626
129 312690 312777
130 312826 312610
131 312841 312819
132 312666 312740
133 312836 312864
134 312610 312732
135 312779 312655
136 312759 312815
137 312813 312780
138 312861 312804
139 312870 312700
140 312662 312741
141 312800 312789
142 312631 312647
143 312750 312604
144 312601 312622
145 156576 156607
146 156614 156636
147 156500 156488
148 156629 156354
149 156591 156577
150 156592 156497
151 156642 156555
152 156526 156635
153 156625 156577
154 156637 156480
155 156610 156587
156 156533 156408
157 156524 156442
158 156415 156496
159 156569 156358
160 156450 156485
161 156548 156634
162 156552 156553
163 156472 156465
164 156389 156517
165 156573 156589
166 156593 156369
167 156497 156587
168 156577 156610
169 156360 156385
170 156495 156575
171 156471 156434
172 156529 156438
173 156381 156494
174 78337 78326
175 78229 78417
176 78518 78311
177 78442 78428
178 78368 78462
179 78457 78396
180 78438 78265
181 78365 78446
182 78472 78275
183 78508 78503
184 78369 78447
185 78280 78447
186 78403 78298
187 78452 78349
188 78520 78495
189 78417 78510
190 78443 78450
191 78359 78400
192 78274 78471
193 78488 78461
194 78501 78253
195 78492 78407
196 78475 78284
197 78403 78363
198 78325 78376
199 78354 78493
200 78457 78382
201 78299 78391
202 78319 78479
203 39175 39430
204 39409 39389
205 39218 39442
206 39412 39417
207 39260 39358
208 39369 39221
209 39268 39438
210 39360 39309
211 39435 39196
212 39329 39244
213 39421 39447
214 39276 39393
215 39417 39335
216 39330 39429
217 39377 39328
218 39358 39416
219 39325 39299
220 39429 39370
221 39453 39330
222 39286 39259
223 39431 39302
224 39306 39171
225 39169 39377
226 39458 39343
227 39357 39323
228 39362 39184
229 39200 39262
230 39265 39305
231 39374 39324
232 19774 19729
233 19781 19634
234 19895 19697
235 19796 19716
236 19923 19763
237 19839 19869
238 19802 19797
239 19852 19638
240 19814 19664
241 19759 19856
242 19897 19724
243 19680 19813
244 19805 19749
245 19858 19673
246 19776 19783
247 19790 19806
248 19632 19779
249 19811 19755
250 19837 19856
251 19891 19689
252 19841 19802
253 19827 19793
254 19733 19734
255 19839 19758
256 19913 19727
257 19817 19816
258 19668 19767
259 19824 19654
260 19835 19786
261 9997 9971
262 9963 9870
263 9926 9981
264 9962 9887
265 9904 10100
266 9904 10037
267 9953 9889
268 10130 10158
269 10114 9967
270 10062 9903
271 10076 10152
272 9971 10152
273 9871 10015
274 9883 9974
275 9970 9980
276 9872 10020
277 10099 10064
278 9923 9973
279 9890 9964
280 10058 10104
281 10119 10047
282 10080 10152
283 9942 10030
284 9898 10043
285 10079 10035
286 10084 10133
287 9869 10145
288 9929 9912
289 9887 10018
290 4993 5024
291 5236 5040
292 5168 5023
293 5210 5202
294 5257 5280
295 5031 5150
296 5143 5240
297 5280 5043
298 5120 5010
299 4989 5069
300 5253 5157
301 5057 5081
302 5072 5069
303 5217 5071
304 5225 5220
305 5049 5211
306 5105 5230
307 5251 5083
308 5005 5158
309 5039 5118
310 5022 5235
311 5054 5272
312 4997 5029
313 5201 5060
314 5046 5149
315 5094 4988
316 5061 5008
317 5147 5071
318 5161 5052
319 2747 2775
320 2771 2706
321 2828 2822
322 2717 2567
323 2754 2578
324 2690 2827
325 2559 2575
326 2809 2650
327 2670 2602
328 2677 2548
329 2608 2656
330 2588 2766
331 2680 2727
332 2664 2674
333 2696 2611
334 2763 2806
335 2570 2602
336 2769 2609
337 2661 2573
338 2675 2571
339 2616 2827
340 2750 2695
341 2618 2585
342 2548 2650
343 2815 2567
344 2681 2699
345 2744 2810
346 2602 2762
347 2831 2743
348 49 238
349 158 106
350 283 235
351 107 146
352 166 277
353 35 202
354 143 3
355 194 135
356 292 79
357 91 265
358 224 125
359 115 148
360 220 182
361 36 5
362 2 173
363 10 73
364 118 121
365 128 44
366 109 170
367 177 244
368 234 180
369 59 262
370 104 2
371 289 209
372 138 272
373 258 224
374 104 139
375 104 257
376 212 196
377 163 113
378 8 229
379 170 220
380 139 50
381 173 65
382 7 1
383 148 179
384 295 94
385 167 111
386 122 253
387 78 171
388 282 108
389 46 295
390 193 1
391 85 146
392 102 111
393 66 263
394 264 164
395 106 261
396 39 51
397 289 279
398 64 194
399 134 274
400 106 86
401 117 17
402 63 213
403 283 78
404 193 53
405 78 43
406 10 72
407 290 148
408 299 204
409 121 224
410 145 218
411 167 182
412 59 201
413 286 279
414 156 79
415 281 271
416 180 18
417 232 21
418 207 156
419 231 97
420 175 98
421 147 219
422 255 256
423 60 104
424 101 209
425 153 105
426 185 141
427 90 209
428 101 278
429 133 14
430 298 27
431 152 240
432 296 36
433 248 26
434 296 46
435 79 109
436 172 276
437 133 144
438 85 84
439 147 70
440 167 137
441 49 243
442 185 93
443 184 52
444 68 174
445 75 97
446 246 32
447 140 282
448 65 275
449 154 78
450 58 118
451 150 38
452 187 132
453 152 40
454 158 28
455 96 142
456 206 108
457 297 110
458 100 148
459 190 154
460 291 121
461 88 3
462 16 66
463 254 182
464 23 12
465 229 102
466 233 91
467 73 187
468 249 64
469 211 282
470 229 256
471 93 236
472 23 210
473 25 106
474 294 286
475 122 175
476 101 19
477 23 177
478 71 213
479 158 86
480 64 228
481 153 144
482 38 145
483 300 120
484 22 205
485 35 153
486 300 148
487 166 162
488 153 86
489 299 82
490 281 31
491 249 107
492 14 75
493 229 29
494 298 110
495 206 274
496 52 118
497 9 276
498 270 44
499 223 183
10000000
