500
0 500081 500072
1 500026 500048
2 500087 500107
3 500030 500033
4 500040 500020
5 500093 500051
6 500044 500018
7 500072 500076
8 500053 500054
9 500092 500030
10 500064 500058
11 500093 500091
12 500068 500031
13 500043 500099
14 500058 500069
15 500099 500054
16 500017 500058
17 500030 500034
18 500056 500067
19 500077 500046
20 500108 500032
21 500109 500044
22 500053 500025
23 500076 500024
24 500092 500087
25 500105 500089
26 500099 500047
27 500090 500067
28 500104 500102
29 500080 500032
30 500098 500077
31 500057 500010
32 500033 500039
33 500104 500085
34 500021 500052
35 500021 500098
36 500042 500083
37 500024 500038
38 500059 500087
39 500013 500064
40 500037 500053
41 500085 500045
42 500040 500081
43 500085 500047
44 500102 500054
45 500075 500069
46 500055 500096
47 500083 500039
48 500044 500020
49 500064 500036
50 500015 500068
51 500061 500095
52 500026 500020
53 500105 500082
54 500089 500086
55 500023 500016
56 500098 500087
57 500058 500081
58 500015 500056
59 500016 500015
60 500033 500067
61 500080 500083
62 500030 500094
63 500074 500087
64 500031 500056
65 500070 500066
66 500041 500018
67 500020 500048
68 500097 500033
69 500016 500035
70 500093 500050
71 500078 500012
72 500012 500089
73 500052 500015
74 500047 500017
75 500055 500094
76 500095 500038
77 500056 500015
78 500037 500103
79 500050 500064
80 500097 500093
81 500050 500054
82 500087 500069
83 500091 500054
84 500024 500106
85 500056 500094
86 500095 500044
87 500080 500052
88 500084 500047
89 500098 500028
90 500035 500042
91 500084 500096
92 500086 500059
93 500033 500047
94 500072 500078
95 500047 500039
96 500071 500086
97 500102 500055
98 500044 500023
99 500017 500087
100 500038 500101
101 500024 500026
102 500020 500105
103 500080 500051
104 500050 500062
105 500046 500069
106 500104 500106
107 500104 500058
108 500056 500078
109 500086 500103
110 500030 500081
111 500056 500087
112 500055 500080
113 500052 500084
114 500086 500036
115 500091 500015
116 500057 500046
117 500068 500065
118 500087 500086
119 500076 500097
120 500095 500027
121 500036 500083
122 500051 500039
123 500075 500041
124 500085 500022
125 500044 500067
126 500041 500097
127 500027 500104
128 500097 500049
129 500068 500064
130 500041 500075
131 500087 500046
132 500097 500095
133 500033 500022
134 500051 500099
135 500101 500044
136 500089 500070
137 500020 500017
138 500020 500089
139 500079 500106
140 500087 500029
141 500106 500039
142 500033 500094
143 500045 500016
144 500031 500070
145 500073 500056
146 500094 500059
147 500080 500069
148 500088 500099
149 500033 500089
150 500036 500042
151 500073 500050
152 500026 500084
153 500059 500109
154 500074 500106
155 500106 500090
156 500052 500095
157 500010 500060
158 500026 500014
159 500052 500029
160 500032 500065
161 500028 500071
162 500059 500035
163 500077 500089
164 500091 500054
165 500081 500096
166 500037 500018
167 500079 500048
168 500055 500058
169 500104 500107
170 500080 500075
171 500072 500014
172 500045 500033
173 500065 500040
174 500051 500025
175 500014 500013
176 500082 500101
177 500040 500031
178 500068 500065
179 500088 500085
180 500104 500038
181 500088 500073
182 500096 500078
183 500106 500084
184 500012 500035
185 500061 500045
186 500082 500099
187 500047 500018
188 500071 500047
189 500021 500077
190 500025 500065
191 500103 500084
192 500106 500049
193 500082 500058
194 500089 500094
195 500083 500076
196 500053 500050
197 500053 500081
198 500025 500085
199 500063 500104
200 500055 500023
201 500011 500081
202 500062 500012
203 500038 500015
204 500065 500041
205 500055 500072
206 500078 500073
207 500025 500085
208 500104 500066
209 500045 500010
210 500107 500021
211 500027 500048
212 500015 500109
213 500041 500083
214 500034 500103
215 500098 500049
216 500080 500053
217 500035 500033
218 500047 500065
219 500079 500097
220 500031 500037
221 500106 500023
222 500087 500105
223 500057 500048
224 500090 500091
225 500102 500033
226 500041 500010
227 500104 500059
228 500017 500052
229 500074 500091
230 500019 500060
231 500105 500061
232 500044 500011
233 500023 500070
234 500048 500091
235 500025 500063
236 500103 500036
237 500103 500080
238 500102 500015
239 500093 500025
240 500020 500076
241 500107 500025
242 500022 500033
243 500021 500081
244 500104 500076
245 500025 500014
246 500045 500101
247 500074 500106
248 500052 500090
249 500014 500103
250 500046 500054
251 500049 500045
252 500063 500098
253 500090 500018
254 500076 500100
255 500032 500060
256 500022 500098
257 500098 500106
258 500084 500037
259 500081 500032
260 500080 500101
261 500077 500030
262 500038 500108
263 500037 500104
264 500068 500092
265 500082 500059
266 500066 500102
267 500020 500059
268 500102 500064
269 500065 500028
270 500018 500076
271 500098 500033
272 500022 500043
273 500079 500107
274 500105 500017
275 500072 500061
276 500087 500016
277 500011 500019
278 500081 500090
279 500092 500071
280 500088 500067
281 500051 500015
282 500099 500022
283 500057 500080
284 500031 500076
285 500071 500097
286 500028 500085
287 500011 500031
288 500013 500033
289 500079 500030
290 500027 500038
291 500105 500103
292 500019 500065
293 500081 500027
294 500044 500017
295 500060 500031
296 500102 500040
297 500018 500056
298 500100 500102
299 500085 500053
300 500049 500096
301 500070 500025
302 500074 500032
303 500032 500044
304 500058 500010
305 500031 500103
306 500047 500046
307 500074 500034
308 500015 500057
309 500046 500059
310 500040 500077
311 500032 500059
312 500077 500087
313 500068 500076
314 500067 500084
315 500034 500014
316 500041 500037
317 500024 500083
318 500023 500103
319 500078 500109
320 500033 500098
321 500060 500061
322 500068 500079
323 500082 500017
324 500078 500053
325 500032 500013
326 500079 500054
327 500083 500100
328 500030 500033
329 500107 500085
330 500048 500024
331 500023 500028
332 500071 500029
333 500073 500014
334 500097 500066
335 500060 500029
336 500099 500071
337 500066 500064
338 500032 500059
339 500057 500043
340 500030 500067
341 500092 500080
342 500077 500062
343 500057 500082
344 500020 500040
345 500016 500014
346 500072 500078
347 500020 500043
348 500061 500032
349 500019 500050
350 53 10
351 93 79
352 59 27
353 1 64
354 88 58
355 56 60
356 78 21
357 81 15
358 5 44
359 92 48
360 29 19
361 48 96
362 25 50
363 40 66
364 91 66
365 89 74
366 45 34
367 84 81
368 24 62
369 51 41
370 86 71
371 5 83
372 79 72
373 47 92
374 22 30
375 98 1
376 63 27
377 11 49
378 35 3
379 96 65
380 89 39
381 14 97
382 45 37
383 46 72
384 22 19
385 52 91
386 69 98
387 10 37
388 35 29
389 25 17
390 23 99
391 68 22
392 15 9
393 99 7
394 30 43
395 71 37
396 56 15
397 80 79
398 64 3
399 55 20
400 36 76
401 42 93
402 44 66
403 78 22
404 90 24
405 2 14
406 89 61
407 42 83
408 27 83
409 16 67
410 95 71
411 21 59
412 12 16
413 17 83
414 90 12
415 40 23
416 80 28
417 66 45
418 35 76
419 35 11
420 20 11
421 83 56
422 57 90
423 15 56
424 89 24
425 100 39
426 38 34
427 35 39
428 21 8
429 79 87
430 13 85
431 17 67
432 49 91
433 14 53
434 48 61
435 52 82
436 84 17
437 37 56
438 90 55
439 53 76
440 95 91
441 17 3
442 81 89
443 54 4
444 50 33
445 29 42
446 2 17
447 78 45
448 73 4
449 26 33
450 57 39
451 62 93
452 36 56
453 77 25
454 61 18
455 40 23
456 20 6
457 5 82
458 54 92
459 50 85
460 1 16
461 41 21
462 98 69
463 64 74
464 34 43
465 46 85
466 80 71
467 78 31
468 38 71
469 47 60
470 65 32
471 85 56
472 36 89
473 71 66
474 42 1
475 12 5
476 74 92
477 70 91
478 26 30
479 58 33
480 12 8
481 98 6
482 36 21
483 66 40
484 21 75
485 76 80
486 11 47
487 65 82
488 22 61
489 26 79
490 59 63
491 61 81
492 100 21
493 74 49
494 10 71
495 42 25
496 32 72
497 39 51
498 74 33
499 39 42
1000000
