500
0 494015 493985
1 494032 493849
2 493848 493913
3 493875 493939
4 493925 494026
5 493842 493895
6 494000 493921
7 494005 493898
8 493915 493901
9 493841 493976
10 494028 493987
11 493983 493868
12 493925 493944
13 493888 493952
14 493988 494032
15 493926 493939
16 493957 493922
17 493891 493902
18 493865 493919
19 493971 493975
20 493909 493855
21 494026 494011
22 493964 493932
23 493974 493900
24 493881 493892
25 493991 493906
26 493984 493964
27 493975 494024
28 493851 493943
29 493998 494014
30 494036 494010
31 493856 494010
32 493999 493858
33 493911 493854
34 494033 494031
35 493877 493867
36 494000 493967
37 493997 494027
38 493839 493995
39 494032 493839
40 493971 493970
41 493926 493845
42 493881 493850
43 493857 493929
44 493886 493874
45 493955 493975
46 494003 494033
47 493852 493895
48 493923 493964
49 493911 494005
50 493879 493887
51 493885 493865
52 493893 494018
53 493840 494015
54 494002 494026
55 493993 493925
56 493922 493842
57 494024 493904
58 246979 247047
59 247003 247021
60 246971 247056
61 247042 247078
62 247093 247008
63 246978 247112
64 246977 247113
65 247060 246989
66 246992 246981
67 246979 247030
68 247087 246934
69 246994 246977
70 247088 246945
71 247040 247021
72 247073 247121
73 247038 246975
74 246975 247082
75 247107 246954
76 247044 247104
77 246961 247065
78 246997 247022
79 246978 246941
80 247102 247046
81 246993 246963
82 247044 246933
83 247003 247001
84 247072 246969
85 247019 247066
86 247100 247103
87 247051 247056
88 247091 247104
89 247079 247071
90 247102 246939
91 246955 246981
92 246959 247016
93 247064 246987
94 246985 246963
95 247044 247072
96 246997 247043
97 246962 247047
98 246988 247047
99 247048 247120
100 246991 247085
101 247111 247001
102 247080 247110
103 246975 246964
104 246953 247029
105 247065 247062
106 247036 247024
107 247047 246982
108 246982 246946
109 246978 247022
110 247113 247079
111 247068 247102
112 246963 247045
113 247050 247103
114 247087 247031
115 246940 246955
116 123577 123558
117 123533 123499
118 123496 123470
119 123543 123603
120 123521 123482
121 123471 123493
122 123632 123499
123 123504 123653
124 123666 123542
125 123578 123544
126 123500 123659
127 123517 123602
128 123550 123605
129 123533 123584
130 123646 123637
131 123587 123655
132 123577 123588
133 123634 123564
134 123573 123620
135 123655 123597
136 123600 123636
137 123620 123565
138 123514 123523
139 123509 123526
140 123524 123524
141 123575 123473
142 123483 123480
143 123514 123484
144 123601 123473
145 123510 123627
146 123584 123576
147 123596 123550
148 123608 123608
149 123643 123632
150 123610 123541
151 123468 123617
152 123519 123654
153 123643 123594
154 123472 123638
155 123575 123476
156 123494 123546
157 123593 123659
158 123635 123538
159 123561 123563
160 123642 123612
161 123472 123579
162 123613 123540
163 123544 123572
164 123629 123588
165 123638 123660
166 123529 123500
167 123663 123655
168 123604 123592
169 123585 123560
170 123632 123467
171 123564 123613
172 123626 123483
173 123497 123637
174 61799 61826
175 61850 61820
176 61895 61920
177 61861 61931
178 61811 61907
179 61839 61755
180 61885 61913
181 61834 61845
182 61739 61905
183 61852 61853
184 61756 61795
185 61755 61752
186 61848 61934
187 61746 61773
188 61863 61790
189 61886 61912
190 61929 61875
191 61755 61757
192 61771 61884
193 61898 61788
194 61918 61782
195 61755 61924
196 61805 61807
197 61863 61745
198 61822 61893
199 61792 61906
200 61772 61932
201 61786 61914
202 61771 61920
203 61753 61792
204 61756 61905
205 61903 61769
206 61757 61890
207 61824 61815
208 61861 61759
209 61856 61841
210 61806 61917
211 61859 61799
212 61793 61912
213 61806 61877
214 61888 61872
215 61824 61817
216 61786 61782
217 61856 61825
218 61743 61764
219 61793 61823
220 61912 61922
221 61814 61899
222 61829 61782
223 61841 61804
224 61784 61858
225 61805 61919
226 61897 61890
227 61864 61854
228 61757 61924
229 61871 61870
230 61883 61772
231 61783 61773
232 31074 31019
233 31006 31055
234 30911 31061
235 31059 30985
236 31035 30876
237 31007 30971
238 30958 31026
239 31025 30962
240 30938 30968
241 30958 30875
242 30938 31013
243 30963 30973
244 30957 31056
245 31023 31032
246 30889 31019
247 30918 31012
248 30949 31057
249 30937 30969
250 31017 31040
251 30934 30888
252 31014 31048
253 30985 31004
254 30892 31046
255 31068 30936
256 30924 31071
257 30959 30981
258 31036 30992
259 30934 31070
260 30998 30959
261 31065 30990
262 31025 30970
263 30958 31011
264 31071 30907
265 30940 30883
266 31034 30953
267 30882 31047
268 31026 30956
269 30901 31049
270 30977 30902
271 30928 31031
272 30994 31070
273 31026 30979
274 31000 30899
275 30908 31010
276 30994 30936
277 31002 31009
278 30882 30906
279 30973 30975
280 30882 31002
281 31033 31003
282 31003 31026
283 31043 31057
284 30910 31060
285 31014 30999
286 31033 30927
287 31063 31051
288 31033 31062
289 30985 31070
290 15529 15610
291 15538 15456
292 15578 15498
293 15559 15452
294 15467 15465
295 15447 15620
296 15574 15598
297 15564 15447
298 15628 15538
299 15624 15601
300 15447 15491
301 15446 15541
302 15488 15451
303 15602 15474
304 15582 15599
305 15477 15450
306 15466 15562
307 15457 15613
308 15478 15609
309 15479 15566
310 15517 15509
311 15560 15607
312 15606 15538
313 15564 15491
314 15502 15489
315 15518 15547
316 15544 15567
317 15510 15515
318 15615 15486
319 15539 15456
320 15557 15479
321 15632 15569
322 15634 15538
323 15596 15466
324 15615 15580
325 15570 15593
326 15472 15546
327 15531 15595
328 15458 15531
329 15452 15584
330 15637 15536
331 15468 15541
332 15487 15635
333 15472 15614
334 15514 15478
335 15559 15607
336 15489 15634
337 15497 15454
338 15607 15605
339 15474 15593
340 15473 15631
341 15575 15535
342 15606 15594
343 15603 15477
344 15619 15597
345 15453 15445
346 15483 15561
347 15497 15494
348 194 38
349 109 58
350 157 180
351 68 88
352 93 44
353 19 149
354 183 196
355 111 68
356 39 138
357 57 40
358 67 161
359 23 41
360 81 119
361 194 69
362 139 85
363 6 56
364 32 14
365 170 59
366 112 64
367 94 142
368 123 91
369 159 80
370 192 197
371 132 80
372 99 48
373 92 118
374 192 53
375 87 12
376 173 159
377 191 84
378 81 43
379 105 116
380 60 188
381 48 98
382 172 71
383 175 105
384 194 70
385 96 38
386 32 105
387 196 89
388 173 51
389 198 71
390 65 138
391 123 119
392 80 49
393 93 114
394 129 1
395 58 104
396 41 147
397 101 3
398 43 198
399 184 156
400 149 27
401 200 91
402 99 51
403 18 55
404 138 3
405 20 104
406 174 190
407 44 79
408 107 103
409 171 133
410 59 104
411 63 6
412 195 3
413 146 34
414 135 169
415 23 3
416 28 94
417 38 162
418 176 128
419 23 129
420 166 111
421 120 65
422 200 25
423 164 90
424 196 20
425 39 23
426 32 15
427 76 44
428 151 136
429 25 3
430 32 73
431 114 75
432 54 31
433 185 187
434 3 110
435 114 142
436 105 53
437 93 34
438 82 166
439 108 109
440 192 59
441 96 116
442 85 153
443 118 66
444 83 24
445 37 158
446 162 105
447 14 31
448 157 78
449 86 16
450 77 153
451 199 19
452 19 83
453 159 156
454 59 155
455 185 125
456 176 42
457 116 50
458 188 123
459 37 140
460 191 145
461 7 136
462 199 143
463 27 78
464 73 158
465 78 167
466 145 85
467 144 151
468 16 140
469 43 195
470 101 102
471 22 73
472 124 11
473 36 14
474 170 200
475 16 148
476 24 190
477 48 114
478 8 89
479 61 181
480 47 200
481 66 67
482 12 98
483 28 38
484 3 182
485 1 29
486 23 120
487 187 128
488 46 121
489 5 11
490 78 78
491 134 195
492 192 110
493 193 51
494 7 133
495 143 146
496 87 32
497 181 90
498 133 99
499 68 114
987653
